0,0,0,0,0,0,0,0,0,0
202,472,505,19,481,205,225,111,49,4
334,664,300,272,49,87,174,711,497,280
176,556,275,485,153,570,233,292,302,315
397,593,125,388,630,632,24,260,105,642
693,358,133,709,136,12,243,245,528,256
54,52,436,281,330,631,699,71,614,539
402,378,587,169,76,494,32,184,36,453
539,672,358,443,504,421,628,230,261,144
462,27,467,292,401,301,635,69,214,482
354,550,646,393,106,206,275,402,478,692
571,173,614,20,109,435,717,440,145,209
640,39,505,721,656,595,74,294,485,121
600,509,34,216,20,285,174,244,620,536
4,217,433,665,148,664,310,55,161,677
187,520,681,375,109,552,619,653,226,107
704,536,123,656,615,334,634,514,51,676
442,69,674,652,574,65,267,86,617,276
316,218,252,140,204,391,173,714,424,488
199,138,529,605,19,399,621,64,223,181
68,650,311,244,116,493,583,541,493,555
272,215,121,547,684,645,54,324,710,568
324,483,389,371,107,433,9,26,540,36
70,597,724,18,531,37,685,484,227,313
430,639,365,232,603,559,576,414,465,707
528,677,272,139,635,365,190,570,347,98
180,158,562,482,373,335,708,374,503,255
66,95,43,27,121,219,368,368,34,559
643,409,225,665,340,556,508,162,292,118
509,416,502,328,305,682,597,5,415,300
131,364,489,183,155,258,641,98,384,364
329,444,445,170,590,611,662,566,162,654
164,465,182,565,212,16,240,83,497,195
199,619,179,104,206,443,664,390,237,574
6,314,386,131,120,461,416,418,502,319
15,268,41,419,258,244,304,310,433,678
654,310,460,629,675,298,209,245,244,239
667,79,636,99,662,326,103,523,344,243
241,121,590,704,464,667,719,210,195,633
539,311,515,605,135,442,350,325,172,393
589,64,309,676,695,102,277,92,524,575
72,294,324,142,287,240,134,118,563,543
253,724,9,196,547,616,69,173,449,654
43,635,85,77,342,672,201,232,533,70
27,118,20,164,585,109,257,320,287,282
619,676,108,484,703,447,359,494,24,192
50,36,546,177,292,557,136,628,45,13
33,462,503,244,636,344,87,372,333,439
66,595,49,314,106,716,177,599,186,308
145,388,19,260,143,301,210,252,306,525
42,545,474,367,34,593,439,433,421,186
75,708,252,243,358,233,696,74,86,80
459,666,598,213,426,184,327,335,614,155
586,459,422,383,460,252,461,352,419,602
133,7,373,374,353,187,415,265,367,441
71,539,662,24,156,694,102,327,136,574
12,458,321,519,566,589,362,528,411,35
533,35,635,572,430,383,462,321,280,345
459,254,256,207,173,289,398,550,411,411
212,690,516,476,397,580,432,318,261,71
500,333,215,403,458,555,41,358,329,92
147,448,406,102,708,235,131,458,629,8
369,74,471,242,457,169,271,407,56,512
145,9,7,237,294,157,47,181,11,477
282,527,118,228,562,692,533,608,73,85
436,146,582,214,454,309,265,598,668,513
414,138,144,309,598,233,587,419,710,715
383,246,368,490,387,710,690,615,604,663
467,455,669,421,273,275,155,461,476,442
573,276,434,438,173,86,515,163,670,272
491,254,423,350,248,681,379,324,186,650
528,484,520,397,513,676,638,397,147,667
401,514,240,488,658,420,40,97,671,415
289,395,64,342,42,42,706,666,577,149
120,141,520,479,76,481,252,692,718,520
401,438,371,117,212,479,127,180,492,285
634,135,322,516,67,69,324,423,163,513
263,321,629,210,373,492,225,157,229,679
162,508,470,578,534,351,165,149,439,406
113,376,524,565,474,376,285,607,716,442
280,152,577,234,438,489,574,602,520,313
666,433,543,465,245,261,388,652,621,604
293,117,545,181,429,707,713,550,613,524
703,563,110,163,311,289,237,261,711,11
375,34,40,640,275,396,688,120,3,17
476,685,101,318,369,675,262,249,614,639
411,520,34,313,51,4,670,426,219,664
150,203,392,519,351,430,220,586,111,12
10,709,330,417,320,685,92,537,122,31
368,530,597,410,338,711,508,231,321,408
335,608,519,221,195,16,514,657,602,383
536,98,389,128,276,550,141,488,17,664
257,498,492,285,178,512,272,327,342,131
604,712,4,442,66,346,448,715,503,625
278,579,628,246,135,334,616,354,550,291
418,223,713,42,210,479,607,323,547,398
635,436,312,702,407,346,565,372,697,364
267,197,535,410,584,560,279,705,3,618
43,369,349,296,699,93,368,518,82,594
64,9,23,3,447,278,605,40,427,146
606,608,127,335,7,622,467,112,557,240
498,358,515,265,457,553,686,237,381,273
2,39,674,332,542,18,531,669,223,230
711,335,325,233,575,65,314,127,322,71
498,268,680,487,430,232,611,504,609,433
644,183,598,16,158,173,13,102,175,617
222,459,183,379,629,563,593,235,372,628
242,344,614,77,178,524,627,527,264,622
165,280,656,723,485,136,104,466,689,481
232,282,691,51,347,568,310,163,458,155
42,567,587,595,160,228,485,476,643,270
724,143,529,399,118,533,551,331,253,361
392,636,243,17,358,564,81,240,292,598
229,267,661,359,388,492,264,175,166,581
364,285,307,200,539,46,531,487,550,554
71,48,78,627,144,458,63,583,99,118
40,290,149,400,315,103,714,354,315,233
224,539,487,196,457,495,625,291,699,712
497,135,662,468,393,6,223,192,153,168
645,12,287,446,68,505,652,130,232,646
452,303,231,160,435,106,390,291,185,380
189,323,610,78,462,660,199,53,644,125
507,464,208,208,423,656,432,73,237,8
339,41,393,258,287,256,299,439,676,382
205,294,426,101,635,143,673,42,686,593
571,509,240,90,402,571,97,661,429,676
365,11,98,468,494,280,555,42,549,648
254,441,272,185,396,145,581,99,297,40
243,581,90,610,14,443,679,631,635,261
438,607,136,380,238,588,541,263,688,597
566,537,460,85,33,304,60,34,566,503
661,352,563,498,293,495,43,328,539,332
596,442,627,680,72,339,187,376,123,302
702,674,714,509,509,662,80,322,721,639
188,567,391,664,493,613,382,450,348,261
527,419,520,389,506,638,41,210,254,3
510,102,210,307,114,11,466,352,143,10
554,688,690,359,189,195,48,266,250,16
17,181,281,106,657,88,155,91,186,112
185,375,98,395,486,681,349,604,440,482
575,485,450,67,482,333,356,23,606,710
702,574,424,631,462,475,494,480,486,40
151,413,466,120,7,8,29,339,177,589
494,184,151,204,44,142,583,369,698,443
550,54,155,357,621,139,672,638,225,311
326,74,249,412,257,53,232,334,147,167
676,521,218,70,361,323,417,631,595,554
436,98,623,138,160,110,526,358,301,596
371,407,576,392,565,175,689,333,49,312
554,403,633,298,517,1,70,645,353,400
94,446,335,521,28,717,114,217,559,183
141,519,80,385,715,623,688,341,444,628
457,231,373,393,357,136,572,686,33,414
136,521,266,707,189,315,330,25,657,530
103,663,620,668,113,435,448,478,89,269
25,682,318,703,595,140,34,238,374,115
115,263,662,648,105,292,213,446,116,421
476,712,179,607,702,377,6,440,98,310
204,228,234,178,176,699,549,466,632,313
510,418,636,613,469,402,712,178,585,352
269,226,441,289,500,418,28,497,433,238
700,67,31,678,557,224,175,314,148,423
10,353,665,364,400,437,457,321,595,447
425,292,189,168,395,701,118,242,546,635
387,36,493,119,25,715,502,375,101,545
473,633,90,310,653,408,622,572,724,211
238,216,687,582,163,422,648,352,495,378
216,343,7,417,547,94,631,408,646,621
103,624,91,445,611,466,4,677,245,370
156,243,49,280,554,374,232,469,348,414
145,391,321,436,187,606,45,258,398,415
702,488,683,166,558,520,599,248,625,263
516,286,380,500,483,660,225,588,132,264
226,72,580,387,73,116,474,627,93,108
352,88,91,376,591,252,246,500,3,34
480,16,633,349,704,383,489,480,324,508
699,464,74,361,128,528,453,163,287,446
166,474,475,187,540,377,334,296,470,34
365,333,51,396,693,489,115,601,113,484
19,641,523,384,587,101,188,180,562,623
322,281,271,601,467,327,586,37,554,372
277,86,456,633,370,198,429,280,84,122
708,173,122,242,390,129,536,488,118,410
419,711,373,118,392,332,614,446,545,426
296,80,5,572,479,386,67,599,116,321
710,335,307,141,537,434,628,47,625,292
467,365,392,14,165,43,158,584,63,71
94,28,148,530,387,211,578,505,497,291
385,61,429,681,611,225,120,508,212,161
683,681,36,598,145,453,694,620,446,544
693,686,246,704,72,195,265,289,137,421
51,414,127,457,158,353,636,462,42,665
119,257,98,117,50,263,469,425,612,256
431,284,150,459,581,490,88,432,601,637
101,538,540,247,348,283,185,12,71,684
95,229,424,230,116,678,63,498,462,441
664,576,149,90,197,468,244,101,577,166
610,492,128,107,629,678,477,146,387,488
134,598,397,639,357,534,439,185,343,441
295,318,55,500,20,325,513,447,529,397
717,500,723,519,405,275,267,636,1,208
508,82,684,437,683,145,661,112,318,71
644,632,447,12,654,118,672,72,718,416
603,336,343,417,186,69,491,395,449,587
41,582,544,43,351,534,29,461,81,478
469,228,359,319,320,400,373,686,537,2
587,384,579,364,709,390,332,95,489,677
123,319,208,197,239,230,261,476,96,404
168,175,255,691,665,530,638,457,591,517
219,456,512,115,198,443,709,713,450,135
280,417,330,220,537,263,278,498,298,606
19,624,409,328,369,157,422,62,533,685
705,534,494,57,113,396,502,326,584,170
168,565,523,549,721,409,67,423,275,192
443,705,513,69,541,81,461,230,350,460
638,255,546,574,340,88,663,408,352,452
585,699,206,531,118,157,128,100,210,441
591,458,324,674,314,13,103,2,248,284
284,248,494,7,187,520,265,655,707,613
511,267,546,268,443,307,512,22,332,289
97,78,162,586,669,232,480,625,609,401
622,286,217,327,48,510,182,132,472,679
129,476,705,581,683,626,620,320,82,100
83,704,402,358,269,591,302,482,462,229
352,176,547,173,141,328,578,96,15,158
23,40,309,81,467,593,22,274,530,384
199,372,358,96,441,502,121,107,356,252
546,578,619,45,140,541,47,623,650,265
273,503,416,369,631,272,154,304,142,146
207,69,304,581,584,76,52,613,668,352
598,573,167,450,248,672,517,635,70,408
276,685,472,403,184,245,268,115,94,457
138,564,673,230,40,356,568,370,467,580
649,281,630,442,432,267,718,542,272,401
273,267,688,365,97,622,447,65,701,590
105,665,449,414,460,321,212,277,392,608
43,412,389,709,502,164,695,250,14,56
47,706,462,700,440,26,188,521,407,179
103,678,715,225,290,481,631,413,275,2
496,337,180,163,236,478,232,82,618,485
682,495,516,70,407,48,707,315,180,195
102,615,329,279,368,557,421,200,693,568
615,445,227,495,68,551,529,329,61,284
646,441,386,166,627,430,663,193,337,463
366,613,32,399,393,187,319,327,676,464
623,215,10,455,561,374,96,121,483,372
382,630,696,463,590,653,578,455,118,518
419,251,287,301,315,321,680,386,513,8
699,456,470,178,337,186,481,224,33,21
180,283,622,648,168,515,60,448,533,53
363,225,187,628,133,595,326,35,544,549
625,678,58,677,261,533,367,174,342,505
648,472,201,85,458,367,609,472,289,686
103,243,653,158,460,55,577,502,176,569
512,222,693,535,373,68,157,285,624,74
660,667,305,520,585,432,100,169,617,545
113,442,193,667,465,401,611,220,468,714
486,324,316,710,264,117,17,691,396,147
452,507,713,134,609,75,549,490,199,100
232,437,414,117,232,41,642,211,529,491
344,625,259,293,580,637,425,234,137,535
539,297,429,564,467,686,223,717,229,520
114,230,445,665,532,185,467,439,140,438
449,141,442,70,267,319,589,103,443,651
297,670,583,642,284,424,363,293,302,228
650,447,392,38,456,649,513,428,269,586
149,318,262,254,509,248,68,133,595,148
97,118,357,153,528,684,276,163,605,146
293,156,703,419,703,435,92,710,477,307
173,193,396,640,250,487,459,179,117,643
167,112,410,531,662,624,612,695,556,444
254,637,679,612,9,673,13,77,208,391
143,629,593,561,523,55,448,288,393,431
17,314,527,425,686,442,220,276,172,125
458,662,295,329,522,585,579,212,247,572
243,489,582,166,376,542,337,214,502,69
379,662,288,698,557,611,705,357,546,685
13,190,85,62,505,571,524,441,541,126
464,383,243,479,422,43,210,466,32,89
432,541,254,395,142,704,528,618,658,209
343,610,626,345,538,531,9,510,212,558
303,82,646,282,200,7,585,614,580,610
425,178,697,300,298,243,363,33,346,72
97,242,619,18,114,183,307,698,238,470
140,378,522,360,206,547,482,470,49,45
307,352,677,386,158,187,254,356,580,150
589,716,323,7,600,112,284,525,567,495
228,292,160,4,8,688,624,356,618,131
230,253,381,582,83,253,317,115,180,397
448,501,676,158,277,15,197,430,699,389
126,423,347,314,720,415,289,611,141,115
639,19,278,551,337,507,540,673,179,317
531,185,8,382,127,101,691,560,350,193
434,122,59,399,40,345,449,456,433,719
210,134,261,47,262,186,143,156,259,648
76,513,300,328,669,533,66,591,226,342
695,217,537,307,605,217,654,271,334,253
641,622,580,696,207,578,293,198,463,155
299,592,162,96,511,427,277,250,346,135
66,473,259,548,220,548,252,500,314,565
627,680,168,717,418,269,359,244,466,256
392,507,453,582,563,125,639,291,424,468
468,89,75,496,564,172,81,220,519,444
208,249,157,213,343,633,259,32,364,236
619,492,333,629,614,54,89,703,40,314
95,11,719,420,318,410,478,445,493,204
564,646,657,335,160,96,297,395,434,437
678,330,342,556,280,395,273,287,529,88
392,108,123,661,128,154,550,114,77,655
176,483,436,499,666,212,542,105,353,174
580,653,614,669,321,301,261,623,459,351
166,379,389,315,70,339,141,576,634,602
142,264,326,618,249,467,97,471,560,333
181,31,84,488,451,101,436,487,548,180
137,71,240,216,236,537,683,30,640,722
576,650,125,333,39,40,498,23,351,189
574,339,414,142,50,318,116,527,484,196
599,705,130,607,580,136,446,324,477,417
478,324,74,318,157,627,18,113,153,79
293,670,636,651,167,183,146,379,213,289
192,624,200,246,471,102,585,277,335,487
226,6,461,155,555,327,709,535,602,194
41,228,705,585,643,631,215,142,640,455
136,21,142,10,85,212,457,59,559,35
712,326,615,37,116,450,45,329,495,298
583,449,45,607,294,300,331,180,598,324
484,597,64,232,260,395,124,258,176,76
724,118,562,684,464,57,158,594,177,285
53,181,706,169,499,238,394,386,576,277
656,253,617,462,538,183,502,175,30,118
720,294,401,492,185,474,668,376,85,447
406,619,306,459,590,516,100,640,26,472
295,505,525,247,311,703,53,211,642,632
635,460,649,43,615,534,697,345,397,195
400,65,101,621,181,568,97,293,682,546
277,341,501,406,10,95,79,11,246,99
608,670,43,576,124,470,405,329,517,568
436,243,214,416,341,458,198,593,341,383
167,515,62,88,159,577,604,390,11,302
50,640,289,82,34,405,71,254,106,3
611,373,459,576,272,25,173,685,564,273
279,234,372,521,650,235,282,193,534,528
636,668,238,603,476,628,520,394,10,132
190,287,591,266,77,207,639,687,600,467
182,172,121,7,151,237,567,535,428,705
152,603,77,92,48,209,390,26,643,590
652,389,325,226,268,414,449,249,252,469
594,180,299,113,632,692,411,158,562,527
8,40,688,277,296,168,448,263,232,653
629,658,341,231,47,370,396,190,101,110
127,508,185,441,134,218,173,193,321,599
282,604,646,31,420,328,325,531,281,423
547,125,698,531,187,357,253,541,377,143
272,80,505,197,88,25,108,330,485,423
257,332,212,29,351,261,465,724,275,420
370,287,11,70,593,104,71,155,351,618
141,537,707,598,59,718,418,228,663,615
83,354,514,654,420,327,177,104,657,220
45,495,117,140,624,165,356,217,29,170
277,595,134,561,574,24,520,669,487,482
238,174,137,701,533,419,378,315,478,672
414,286,22,263,342,496,15,394,711,56
178,64,308,192,523,115,271,619,631,438
631,692,436,273,278,178,565,579,117,484
374,15,280,356,625,355,373,694,656,608
552,54,386,471,408,705,255,447,529,574
509,116,130,399,90,349,658,594,340,122
272,129,321,354,563,414,268,372,188,316
634,48,506,326,335,40,266,220,44,116
219,72,260,202,80,364,551,148,453,581
473,445,409,304,661,429,146,185,229,348
564,601,578,13,431,379,511,153,520,9
321,584,402,579,604,38,449,185,377,410
611,158,105,156,113,494,438,465,42,21
12,64,486,410,565,316,448,583,685,123
493,575,176,411,561,187,575,508,396,699
355,632,61,252,448,123,135,319,342,480
354,425,521,600,681,330,621,94,227,76
211,240,27,499,9,485,628,96,65,568
246,28,451,5,102,146,24,653,717,588
286,541,40,706,576,243,260,581,68,723
33,248,437,263,202,130,670,634,648,632
440,183,519,9,382,77,27,57,456,406
442,399,585,517,684,626,9,344,589,652
475,115,176,520,258,157,153,243,603,196
43,257,509,442,570,39,579,277,71,207
45,640,513,332,493,97,605,160,200,403
142,11,502,56,190,540,39,458,315,476
521,449,534,38,616,346,227,432,319,526
117,164,557,73,359,519,613,82,104,664
190,429,503,304,478,562,166,559,379,568
140,64,198,115,195,195,467,585,433,549
155,75,147,540,386,341,714,578,68,353
183,512,194,77,162,214,361,605,339,8
203,554,685,180,319,215,321,357,586,227
540,31,659,223,160,266,65,644,119,595
660,48,226,559,156,96,79,250,50,494
627,277,205,95,147,624,267,250,571,191
463,569,487,655,312,4,650,614,467,649
712,357,505,354,283,152,346,405,66,180
131,39,602,322,553,179,193,165,490,499
54,44,61,119,190,685,42,83,399,225
576,681,341,707,708,685,43,288,201,194
108,123,28,247,324,591,399,218,276,261
288,9,433,208,339,351,38,449,107,253
612,706,105,555,192,345,616,345,719,621
136,485,691,474,440,362,646,112,222,567
346,267,52,270,21,518,129,356,690,425
378,662,672,677,259,432,288,201,267,96
382,442,718,693,583,346,308,492,678,307
132,599,658,389,455,422,404,455,227,622
581,395,533,12,435,180,490,487,434,71
309,74,270,472,434,323,80,244,392,412
34,153,148,388,166,355,135,89,194,574
411,672,541,370,142,722,429,516,573,318
3,329,590,155,268,362,622,523,161,656
259,626,655,95,400,644,35,233,137,247
605,67,103,115,376,335,718,57,146,177
292,368,302,97,17,22,178,607,507,34
393,555,545,281,171,160,598,652,107,128
713,473,104,185,135,656,178,270,299,120
219,206,137,7,213,7,161,495,170,137
160,667,62,163,117,124,603,648,7,133
468,349,373,71,158,627,42,547,492,172
445,596,589,542,97,579,104,340,35,421
5,137,372,699,330,649,560,414,206,93
322,200,159,420,637,302,537,399,140,270
577,707,668,249,108,16,261,23,137,548
29,516,144,44,42,390,33,262,35,713
304,6,320,251,716,527,328,401,212,465
247,622,266,724,539,704,694,282,597,274
557,716,413,111,615,703,672,491,622,645
135,567,317,545,633,580,5,24,336,355
724,467,291,568,312,87,227,517,549,181
160,22,55,305,122,24,441,175,423,441
88,524,258,535,572,239,69,194,71,579
692,465,364,425,40,444,279,240,442,373
537,202,536,106,575,275,226,604,386,204
113,600,437,679,218,582,518,62,454,173
664,549,229,626,152,226,524,69,605,667
136,580,319,682,182,264,155,256,721,519
615,381,58,689,588,383,651,472,344,539
342,679,321,505,681,203,86,310,57,540
580,424,691,627,475,168,90,540,662,484
365,132,58,123,321,404,315,212,656,276
281,243,354,148,552,90,638,59,517,158
71,593,23,345,335,651,55,184,71,342
180,327,260,171,303,676,482,434,161,52
45,484,567,293,615,454,550,259,53,68
101,376,366,251,296,661,23,715,358,131
452,334,182,343,75,650,683,507,90,9
621,395,662,665,296,370,471,636,702,46
559,444,46,509,682,568,680,519,587,520
349,290,548,134,594,387,365,330,198,75
357,217,591,687,674,397,252,455,200,621
355,389,321,353,595,668,88,676,351,704
139,564,202,677,533,398,215,466,61,614
164,524,229,301,543,379,212,429,182,529
379,228,688,625,145,359,143,411,441,290
619,99,560,90,340,604,328,306,307,56
90,546,151,132,262,87,339,14,401,505
395,722,65,89,281,347,520,384,542,161
318,289,78,127,340,428,339,366,273,135
125,230,173,204,308,396,331,511,229,528
368,645,520,252,495,129,557,724,511,482
46,382,168,691,476,198,123,123,722,710
208,269,376,673,607,534,438,518,195,695
527,538,479,677,495,477,214,203,684,698
215,23,260,185,4,235,558,514,148,156
673,13,112,542,202,445,276,214,318,209
452,627,385,602,302,495,30,151,305,277
116,596,607,649,375,164,79,298,511,415
243,345,611,433,369,294,384,321,411,44
471,164,269,467,198,98,550,328,191,667
342,301,70,283,130,671,608,724,417,73
535,609,69,121,388,686,250,269,193,681
381,682,234,368,724,250,215,581,473,82
321,437,721,688,180,74,116,408,54,353
502,583,268,470,4,373,648,191,702,354
287,183,381,175,253,440,22,361,387,84
173,117,12,686,419,320,597,240,474,660
402,427,315,643,15,496,98,246,145,73
668,631,587,663,131,136,454,588,116,154
714,561,656,617,615,105,149,582,116,724
63,186,518,363,591,29,113,213,554,58
114,284,199,285,166,672,88,346,54,609
710,369,417,512,676,329,183,500,486,159
276,321,81,313,491,328,161,150,677,544
95,416,622,638,249,385,673,166,459,539
130,465,457,182,626,293,324,641,111,594
618,49,668,245,614,670,38,541,115,675
9,492,132,340,68,697,594,350,352,689
707,541,272,678,405,158,491,173,581,396
334,36,674,242,21,184,52,167,131,702
615,347,587,78,628,609,577,402,332,259
428,41,371,354,662,722,107,316,706,22
247,722,196,681,369,456,509,61,203,692
635,690,515,697,491,196,290,261,219,638
469,92,647,52,688,572,243,562,375,378
206,705,338,438,32,88,380,332,638,635
688,563,209,92,114,197,445,536,465,573
281,236,237,399,635,297,653,421,597,169
693,545,59,359,159,269,285,558,483,38
350,337,52,702,602,695,12,174,57,386
172,306,197,674,224,244,685,687,415,703
372,148,73,631,602,61,417,171,24,167
118,138,512,560,286,190,140,95,472,496
576,111,498,561,223,431,226,442,371,548
581,286,718,568,358,102,173,551,698,481
381,311,436,650,203,456,632,463,150,657
503,354,300,92,496,190,67,439,18,542
324,282,255,298,90,339,702,258,13,341
109,663,302,175,360,718,711,468,298,390
257,15,490,617,601,391,166,14,509,448
191,56,34,717,329,310,568,556,577,267
422,170,35,552,643,648,180,138,110,653
569,191,353,221,645,469,244,349,339,178
530,169,280,209,133,354,438,493,464,352
584,73,65,379,278,694,435,161,428,109
381,284,226,379,677,370,414,635,402,416
191,227,254,122,549,496,16,456,70,427
502,681,201,187,301,314,150,440,441,50
7,498,704,20,586,211,598,629,102,272
667,442,459,9,64,11,222,25,124,544
46,182,299,532,143,125,709,147,95,604
693,681,379,491,448,447,253,556,28,570
346,673,156,609,572,508,284,73,266,371
718,657,652,105,407,716,10,105,276,418
207,689,385,544,363,132,267,15,180,352
360,622,448,708,349,458,594,257,527,286
291,82,526,490,154,516,121,179,394,241
676,318,701,43,409,265,361,104,74,142
244,33,536,245,231,21,488,454,699,386
267,449,184,663,106,473,348,720,518,675
274,244,5,511,114,332,31,459,71,645
438,116,254,419,128,51,553,209,670,649
695,280,360,554,329,268,253,165,376,435
659,209,502,307,280,377,80,572,587,190
203,522,56,6,560,408,305,111,417,58
141,369,163,285,324,326,247,121,353,349
281,468,235,304,52,52,280,170,385,388
342,696,477,496,576,589,570,229,426,677
70,648,333,653,374,408,1,609,8,628
686,529,467,610,210,684,597,280,346,682
287,168,360,494,621,597,4,503,281,709
604,166,675,479,623,226,61,350,682,654
468,312,454,476,128,624,492,223,106,184
80,344,153,533,166,71,307,348,200,554
15,488,116,393,21,166,561,308,37,398
614,215,18,692,696,251,610,707,470,117
244,228,166,617,442,672,638,352,685,499
537,251,337,554,605,559,241,656,186,487
75,248,480,185,131,364,23,477,185,15
357,180,219,617,245,516,603,621,18,460
81,209,511,497,414,674,326,292,634,491
177,423,442,390,430,236,192,41,228,722
443,78,287,267,236,579,80,101,635,414
600,146,453,63,662,558,327,487,51,442
638,282,526,218,464,102,706,65,382,428
490,168,707,564,68,668,164,577,534,341
368,657,258,154,341,286,635,490,687,223
144,249,200,255,273,379,535,99,397,608
335,109,350,553,183,661,325,679,59,36
260,475,600,298,568,162,296,394,181,572
280,584,478,497,667,58,35,10,169,552
615,521,45,157,621,336,83,56,416,332
506,191,368,342,680,579,592,655,590,322
678,346,82,619,272,635,639,352,311,664
706,357,459,605,115,228,16,471,223,448
259,147,540,418,130,549,533,704,490,497
344,420,386,6,382,59,501,209,137,65
69,699,579,222,97,349,505,418,569,504
653,295,163,146,294,363,209,506,513,45
609,546,695,601,549,52,539,313,372,131
665,495,615,172,240,14,155,343,189,128
42,35,173,367,275,651,133,37,97,683
302,347,594,707,316,654,644,517,583,591
26,273,5,354,191,350,96,710,64,694
3,355,594,639,369,394,133,368,115,379
344,391,524,427,55,442,451,622,700,365
32,503,211,477,183,35,118,392,189,366
401,516,562,28,571,542,50,437,572,21
468,246,506,50,242,629,680,252,81,187
415,625,289,612,495,145,192,485,519,157
196,48,19,114,15,467,608,508,258,174
113,493,126,251,472,698,144,354,507,668
300,441,702,557,704,635,258,421,588,100
201,188,184,606,325,402,147,399,347,632
712,602,538,265,52,420,344,420,286,709
85,700,504,478,331,658,431,559,176,482
532,409,698,637,562,28,364,334,405,583
486,218,176,347,613,132,85,281,717,29
3,157,546,110,644,22,215,248,550,722
611,685,190,450,710,162,602,125,314,658
540,480,269,433,119,605,700,648,64,530
596,59,90,418,315,94,684,240,657,654
156,390,272,646,400,148,55,646,685,262
512,587,27,427,558,130,51,310,32,355
221,665,333,66,524,414,695,156,340,696
357,253,4,104,461,609,122,44,204,71
19,48,517,55,127,330,321,689,227,32
433,335,379,476,203,379,651,718,368,509
633,158,254,41,676,496,466,422,222,414
257,663,100,7,31,565,423,653,645,486
484,717,302,693,501,145,463,560,97,232
234,546,430,196,551,269,17,537,196,149
538,395,79,249,666,489,287,618,465,51
166,10,367,128,454,43,192,577,673,524
712,610,281,8,715,508,585,158,327,109
646,355,60,100,544,234,653,555,422,19
585,534,647,504,342,593,207,713,212,386
165,98,676,217,583,237,29,24,300,91
401,662,109,616,189,459,378,354,419,672
454,286,500,77,178,672,464,54,599,196
110,6,117,702,639,579,203,450,88,583
298,557,228,710,175,403,214,314,339,647
611,444,230,370,724,428,12,207,312,530
91,649,552,180,251,480,667,659,469,588
204,336,405,375,177,179,285,659,652,472
382,372,626,37,26,720,459,687,182,83
527,267,263,190,247,492,59,708,338,304
24,603,257,305,91,342,665,118,191,437
556,459,93,416,706,545,633,586,523,44
314,400,693,170,386,232,371,48,365,46
320,89,597,391,595,139,139,58,10,632
330,720,433,577,183,244,328,315,601,306
345,102,322,422,361,106,358,467,482,386
211,170,381,144,1,338,361,679,242,707
582,153,458,562,670,715,720,693,272,368
6,59,167,404,363,380,534,246,330,508
492,384,209,317,424,229,7,90,459,120
37,394,70,591,194,620,308,175,38,418
569,306,408,117,675,237,225,359,675,244
361,163,359,462,239,103,327,291,346,594
162,49,284,640,99,526,372,721,93,28
703,73,280,584,431,12,15,278,381,684
333,270,593,551,443,96,181,713,217,720
178,128,626,422,563,301,92,31,25,292
693,198,282,240,31,510,403,166,248,538
522,389,723,286,193,272,360,424,546,198
609,666,83,70,571,267,339,352,37,360
577,330,274,408,292,656,648,552,553,557
692,527,369,101,670,148,599,114,251,378
299,46,376,155,120,391,631,272,272,155
483,35,403,380,254,280,555,110,566,571
38,607,479,668,275,617,103,518,705,653
404,230,371,228,715,573,197,377,418,122
720,151,406,164,528,183,129,512,563,45
103,85,49,387,385,223,448,3,384,708
593,656,228,370,602,662,112,73,487,372
73,554,285,591,463,253,657,289,130,461
347,317,62,688,334,133,515,72,295,227
301,270,376,268,113,624,383,645,70,151
105,622,11,218,600,387,148,610,650,338
655,393,261,105,597,345,250,570,354,138
515,441,512,119,219,304,215,538,678,383
512,580,395,51,412,561,501,139,259,330
220,580,417,395,325,48,503,482,174,148
418,646,385,644,456,275,129,566,547,234
165,716,663,129,462,52,549,394,337,561
27,216,640,647,34,494,706,309,126,509
205,152,221,471,184,679,386,47,312,632
418,539,634,393,546,431,390,544,723,681
576,694,86,382,682,457,347,247,130,577
363,589,464,45,537,679,540,258,253,570
721,527,639,455,593,250,400,552,547,436
303,172,476,203,679,515,592,387,641,566
693,411,351,645,328,230,62,540,515,157
405,232,23,701,400,55,540,429,405,663
335,430,254,668,273,649,131,562,378,62
137,669,592,52,251,332,538,209,38,22
623,40,269,604,597,455,561,668,363,184
535,696,416,651,491,49,504,8,596,125
350,497,675,651,514,315,234,142,481,211
249,212,215,542,310,242,407,481,287,217
520,146,237,335,347,460,594,446,266,600
65,7,212,280,454,485,336,146,411,392
654,370,576,220,152,92,716,404,722,83
420,482,565,166,386,184,556,3,352,12
42,98,582,296,72,121,507,170,259,312
228,339,43,47,329,143,75,16,576,265
350,519,340,641,665,211,124,636,468,184
410,77,159,436,356,169,34,400,257,397
199,371,246,525,464,337,711,654,679,712
333,682,505,698,45,656,300,94,410,720
492,414,543,378,7,715,516,39,219,422
26,277,548,79,555,388,277,530,578,366
501,683,418,166,304,20,320,104,656,405
215,481,51,406,239,452,206,376,412,550
174,69,318,250,185,183,178,400,184,316
608,522,583,366,233,226,256,691,89,711
410,525,254,419,631,333,197,28,636,375
647,88,114,587,168,99,32,61,366,662
348,711,347,664,149,149,603,557,585,425
313,361,357,723,8,138,516,176,724,261
506,519,47,424,165,207,452,297,511,161
196,45,109,538,610,68,178,721,77,154
58,706,415,597,389,645,229,677,677,394
295,502,312,544,642,317,80,183,403,284
696,608,308,78,53,516,167,463,658,395
331,395,488,464,34,250,575,222,317,487
140,209,655,88,318,690,660,414,99,113
473,465,54,375,147,24,448,712,620,345
247,395,45,245,241,216,465,38,508,157
582,485,366,22,546,220,475,205,715,439
190,310,388,23,664,293,698,408,339,132
101,575,627,115,100,590,664,512,677,581
435,578,452,367,584,607,42,223,193,287
101,539,549,6,417,242,184,201,484,700
164,562,391,397,19,185,483,241,261,15
371,202,513,393,370,673,693,350,699,164
69,544,525,377,292,90,314,641,241,567
697,548,256,418,137,647,123,340,494,252
135,389,100,108,644,216,673,339,497,554
360,696,669,674,343,693,284,527,631,251
715,306,498,253,610,700,8,240,301,570
465,78,535,720,320,133,336,148,156,115
621,242,600,588,671,484,325,646,595,50
88,552,85,322,36,452,465,421,445,467
9,255,101,606,689,181,229,34,11,27
13,251,91,560,657,293,472,363,12,453
48,599,705,173,87,215,379,570,693,484
712,603,409,214,691,67,73,127,269,657
338,521,240,513,500,616,47,86,100,214
272,425,431,717,28,458,134,637,360,283
12,550,378,356,76,624,14,414,175,382
253,598,114,500,8,276,255,150,500,221
166,373,491,279,108,585,344,312,187,584
5,563,523,203,12,48,32,702,573,203
236,216,408,481,447,258,336,116,172,419
672,79,183,292,492,495,330,495,33,230
244,32,226,85,682,111,597,242,5,137
54,558,28,193,517,150,255,271,457,118
712,159,340,477,190,539,650,100,675,530
526,129,684,658,545,353,276,706,104,156
27,435,547,227,689,512,479,395,367,506
283,671,223,405,474,394,682,471,123,719
373,580,124,59,195,349,395,616,162,31
265,121,606,269,73,276,499,105,144,180
527,502,681,2,418,310,232,405,490,560
356,180,370,563,177,568,365,81,6,431
593,549,628,711,428,448,17,607,13,527
571,323,38,714,267,265,35,261,720,716
66,555,304,134,133,578,60,370,567,329
83,365,266,80,588,623,553,362,471,718
347,650,702,279,27,208,336,59,673,330
18,195,155,525,117,690,52,551,280,718
400,161,341,474,483,324,595,559,709,110
106,315,328,243,521,38,427,343,401,614
256,161,126,288,607,614,570,512,187,319
615,244,672,117,480,248,226,614,353,527
538,98,49,59,603,158,683,398,623,188
696,86,409,8,120,490,500,161,186,66
641,249,398,101,181,1,31,219,639,481
459,587,388,221,20,375,394,389,570,671
683,568,188,469,716,308,585,241,367,613
648,368,259,645,419,107,212,237,106,563
339,472,622,365,314,715,241,429,234,220
26,520,580,626,18,86,164,71,272,152
629,454,526,369,507,698,722,584,101,680
689,624,165,256,142,96,373,448,95,393
210,525,110,158,501,523,18,290,370,17
334,151,193,222,492,238,631,383,149,583
6,354,700,67,227,421,607,685,232,394
293,254,456,264,76,445,322,87,109,196
690,311,333,440,94,152,531,83,533,248
363,603,419,299,420,331,587,615,301,639
535,664,663,717,634,239,537,373,707,170
147,320,680,606,450,485,447,694,384,503
540,674,371,60,115,237,695,451,288,649
235,188,462,314,135,558,297,310,372,614
543,311,547,3,388,310,188,346,523,102
213,338,541,682,442,62,512,651,464,681
490,404,227,400,460,376,129,549,400,346
8,497,641,397,98,710,445,329,528,703
436,482,587,492,45,466,40,254,607,366
501,100,685,602,229,95,224,109,588,675
328,687,247,255,355,528,107,623,129,182
614,359,596,176,494,286,220,455,342,558
639,278,392,625,107,626,9,245,693,496
173,299,352,94,610,718,500,307,310,566
313,251,128,90,564,688,630,701,15,723
314,123,402,383,249,112,640,451,376,444
461,588,676,35,597,146,427,303,225,370
358,472,264,480,685,334,449,574,468,112
606,621,712,388,170,171,150,696,209,539
581,471,77,217,177,534,393,524,165,376
95,599,288,576,70,655,53,20,252,59
473,186,167,106,577,430,609,70,474,137
599,478,306,541,350,640,264,706,280,491
719,377,275,73,18,557,705,432,25,659
542,175,674,509,63,213,449,139,465,549
670,708,700,182,55,657,541,265,518,507
108,393,320,546,72,629,507,687,724,235
130,488,356,65,241,664,113,548,174,355
341,19,487,710,115,304,692,459,418,428
29,49,592,397,688,537,496,131,161,221
9,397,84,228,284,677,137,284,350,381
455,352,329,250,350,712,456,92,537,539
395,305,519,558,638,361,446,530,337,634
709,674,315,92,197,513,212,366,383,582
669,411,349,44,528,137,555,509,362,545
270,239,304,104,116,698,323,352,677,66
320,473,690,281,458,576,451,353,562,196
275,521,421,211,61,63,386,144,57,98
423,170,265,117,445,407,479,97,529,129
336,100,117,167,372,276,573,202,687,155
565,655,688,152,144,62,261,303,36,330
523,231,43,586,146,553,90,637,173,404
311,425,340,274,410,321,177,690,179,267
497,216,407,109,118,389,303,404,622,515
588,422,668,88,256,186,518,13,424,95
242,190,581,278,560,105,66,230,372,618
2,153,477,462,401,364,240,3,82,410
288,547,47,175,611,169,365,94,604,239
46,80,111,158,680,643,11,462,160,49
535,581,563,200,13,543,438,201,529,120
514,363,449,589,418,640,478,120,253,571
615,249,650,20,297,261,285,329,369,699
27,35,497,269,12,594,153,105,450,53
199,623,235,85,409,347,640,653,40,315
299,648,298,327,583,207,22,203,419,439
255,625,258,165,688,718,19,172,37,111
667,34,261,107,201,590,508,20,366,297
675,446,396,411,313,147,697,229,721,180
425,170,271,13,155,245,512,654,661,710
151,60,493,597,594,661,162,215,550,386
205,327,361,13,360,147,531,388,250,586
216,228,134,513,25,685,414,686,628,713
455,268,676,411,630,421,662,371,646,64
691,215,383,135,288,540,555,617,307,629
89,698,639,579,615,107,571,663,580,544
344,355,489,295,43,574,697,190,86,138
25,564,172,329,613,350,73,536,365,292
665,678,228,484,108,50,585,199,64,350
121,477,434,489,282,13,339,262,200,501
5,525,366,203,174,667,412,67,723,51
646,587,101,11,412,161,422,49,375,346
30,572,463,317,452,678,125,639,383,384
184,26,380,313,390,101,334,283,10,715
307,100,222,624,100,502,398,577,609,40
131,496,531,112,367,238,168,462,557,20
176,428,277,640,408,478,470,70,692,101
326,224,489,203,606,284,142,236,476,369
216,550,418,672,14,215,246,510,435,33
395,78,382,221,461,21,118,657,455,711
528,506,213,40,140,121,176,407,622,144
316,160,61,578,299,451,523,244,258,345
399,497,716,40,295,76,171,103,663,13
215,574,58,452,267,678,326,515,221,105
369,561,194,196,38,394,178,597,427,189
372,629,196,522,601,28,70,716,395,434
227,496,97,185,321,353,132,28,682,96
306,570,600,418,484,174,202,723,684,196
703,505,15,712,131,334,671,8,537,49
549,118,382,129,65,268,361,520,49,613
473,194,288,494,675,1,146,135,24,704
112,70,246,228,718,713,13,320,167,360
365,96,343,310,575,504,35,136,89,127
557,378,605,161,165,634,90,585,199,510
163,652,301,13,531,125,497,364,497,713
307,112,677,329,78,189,469,632,166,671
417,98,175,353,101,619,27,493,439,568
590,13,98,362,718,50,111,115,167,576
53,307,667,217,158,181,676,473,332,534
158,65,125,244,499,381,527,531,112,672
542,200,548,119,20,105,417,365,587,85
406,656,479,292,376,96,584,213,682,175
496,142,428,195,196,67,197,90,74,212
83,502,397,4,125,572,688,433,228,470
32,97,215,645,685,684,153,367,84,152
693,552,17,161,481,306,439,125,255,576
368,587,157,656,220,568,601,338,159,515
477,152,568,709,227,469,480,637,101,125
183,511,339,71,63,88,275,538,167,340
333,250,166,158,673,543,303,121,440,41
575,557,117,19,719,441,493,8,29,288
84,31,538,697,538,575,156,515,73,246
152,135,558,137,407,712,480,441,540,339
660,488,73,372,322,55,548,376,647,141
540,450,544,64,364,176,302,423,495,130
601,605,291,690,718,255,339,409,476,353
324,538,335,105,394,184,469,718,487,587
69,4,511,440,548,206,194,477,636,240
4,295,98,382,711,332,628,715,432,383
687,337,143,376,27,430,458,361,40,303
84,113,392,343,135,539,138,644,141,301
433,88,153,687,486,564,243,623,466,186
249,437,128,128,68,445,455,261,239,450
455,166,148,86,70,191,570,722,307,580
453,378,289,626,213,249,460,411,550,672
444,465,105,178,226,21,618,352,646,268
524,102,371,441,151,567,277,412,645,95
610,119,432,36,231,68,99,377,17,610
468,644,517,193,110,450,261,95,435,153
256,52,372,292,450,568,546,519,419,170
424,195,8,453,359,495,93,427,341,490
225,630,569,459,605,55,383,119,241,381
546,290,475,558,134,695,656,625,52,21
581,305,584,555,155,173,394,547,431,368
558,595,151,316,684,92,257,625,663,225
16,20,612,488,91,566,339,297,304,457
74,6,161,666,365,140,345,49,533,253
392,560,443,604,719,370,593,282,527,183
394,116,361,278,165,358,31,714,67,400
662,283,597,136,429,520,621,292,22,386
222,382,448,606,211,189,314,163,50,673
9,20,269,378,402,475,318,204,407,370
666,29,481,571,122,181,14,433,240,683
227,373,318,232,379,472,546,652,604,407
636,554,548,523,63,698,115,79,243,181
692,149,323,159,401,97,134,205,717,597
69,544,570,279,452,327,580,655,71,368
412,610,361,706,354,355,330,571,187,211
296,155,233,238,451,47,344,454,26,245
489,161,557,695,578,430,679,483,317,458
101,72,220,228,184,641,7,547,582,611
573,646,381,322,310,458,215,595,609,146
320,698,546,204,260,453,360,165,299,360
77,484,82,424,102,242,199,430,438,466
328,614,612,572,702,636,533,217,507,335
639,242,447,534,20,32,533,289,48,229
103,79,293,452,323,615,516,216,55,84
416,126,665,72,390,677,711,209,10,601
704,132,99,198,544,71,649,708,464,603
162,22,470,138,675,306,90,379,632,640
62,35,295,75,118,257,83,65,215,512
273,229,272,509,386,578,11,567,150,459
595,311,340,29,666,266,505,614,657,644
449,29,351,385,4,219,314,480,30,44
49,276,292,80,111,682,99,177,5,105
26,95,468,77,24,558,293,475,40,333
422,46,50,518,256,561,101,658,570,287
560,167,428,47,425,681,9,596,634,682
311,605,606,359,162,48,214,643,676,109
202,450,172,294,172,82,28,272,265,311
613,413,131,48,642,351,10,640,511,41
23,233,557,102,422,460,373,644,342,595
133,64,115,36,544,662,454,547,243,268
332,147,288,659,306,398,693,582,704,499
383,166,575,300,522,479,79,646,5,590
404,662,306,220,408,466,456,416,453,286
67,342,417,147,513,297,488,349,719,301
28,36,98,18,522,690,174,253,503,305
77,83,336,703,389,222,375,567,158,219
583,161,721,368,370,235,623,298,422,192
412,602,183,691,453,76,669,153,628,256
329,391,696,239,173,539,353,670,490,245
73,168,417,450,422,29,277,711,187,303
666,125,7,355,508,671,285,253,185,122
658,191,381,107,15,494,663,474,22,541
100,326,273,196,694,541,77,492,35,480
38,215,342,53,97,674,49,164,400,222
150,334,564,308,271,418,641,498,627,440
171,556,135,665,694,54,415,194,333,152
524,504,641,630,312,139,220,324,64,104
670,385,648,359,433,401,542,66,302,57
411,682,16,415,391,341,675,536,578,675
252,391,457,356,582,167,590,538,106,449
311,666,127,80,691,323,315,66,114,221
632,709,23,221,26,117,561,474,566,31
517,136,333,644,439,233,574,497,356,120
336,415,263,634,234,299,696,139,138,498
198,27,207,50,231,668,99,618,180,548
162,212,508,264,556,10,424,645,718,221
420,299,360,147,716,254,340,515,469,568
224,98,22,245,153,224,650,410,78,390
362,147,589,533,363,463,161,328,64,611
411,330,320,448,290,656,269,288,191,48
390,97,114,72,335,476,470,480,476,180
267,558,408,288,47,614,123,440,146,691
572,658,243,614,372,61,154,456,445,425
297,345,320,570,475,93,610,448,334,253
443,261,612,170,337,372,536,520,386,663
243,495,202,447,95,386,708,135,573,686
465,225,158,627,625,549,291,532,582,204
223,328,196,663,644,449,698,218,411,313
27,567,171,132,87,445,360,185,360,555
610,528,421,635,75,716,53,391,507,380
334,99,322,517,403,70,85,289,233,623
75,9,241,69,292,651,555,98,408,717
545,497,115,695,87,649,237,189,169,53
134,47,623,707,505,620,618,91,459,342
604,603,566,426,705,315,129,237,263,152
328,246,325,176,314,560,517,551,637,537
222,717,509,351,685,12,543,223,586,611
495,285,555,425,212,578,674,120,667,78
716,111,98,98,693,424,153,482,25,85
439,18,403,397,580,301,632,723,358,275
78,672,432,584,676,330,548,186,175,460
241,127,202,559,305,36,602,665,154,442
108,152,7,602,610,548,651,222,541,609
490,415,450,478,310,135,716,28,346,179
254,166,81,409,233,482,679,247,413,223
263,655,136,320,676,63,702,366,605,643
189,158,717,345,183,206,87,75,531,438
280,651,292,288,479,142,460,330,69,259
364,196,290,143,299,555,636,696,681,472
125,105,165,341,112,535,147,394,721,185
666,696,331,283,706,680,694,267,583,202
370,250,585,502,72,252,561,573,383,347
